{
    "mae": 1614.1536538715397,
    "rmse": 2068.2793775278665,
    "mape": 2.878680848248934,
    "r2": 0.9171487437890301,
    "max_error": 5880.437955159869,
    "median_ae": 1315.4278274016833,
    "cv_mae_mean": 2512.5675164473864,
    "cv_mae_std": 600.9706746680152,
    "cv_rmse_mean": 3585.1969905961714,
    "cv_rmse_std": 757.1560050145639,
    "cv_mape_mean": 4.791546940490504,
    "cv_mape_std": 0.9460163798365568,
    "cv_r2_mean": 0.8340195288789645,
    "cv_r2_std": 0.05581674526080274,
    "timestamp": "20250330_224557"
}