{
    "mae": 793.1516970965042,
    "rmse": 1026.572281034741,
    "mape": 1.4252506511077359,
    "r2": 0.9795892124975708,
    "max_error": 3265.1623741981894,
    "median_ae": 636.4184311886202,
    "peak_mae": 869.200000696242,
    "trough_mae": 472.2553631720015,
    "prediction_interval_coverage": 74.40476190476191,
    "peak_coverage": 83.82352941176471,
    "trough_coverage": 69.44444444444444,
    "timestamp": "20250330_225833"
}