{
    "mae": 131.84499035277415,
    "rmse": 172.84965081412312,
    "mape": 0.24280908017384784,
    "r2": 0.9994213476684545,
    "max_error": 560.8972095147983,
    "median_ae": 96.92227325835483,
    "cv_mae_mean": 146.87357925638227,
    "cv_mae_std": 33.91593774968756,
    "cv_rmse_mean": 237.53475922672314,
    "cv_rmse_std": 87.1550441830866,
    "cv_mape_mean": 0.2824147816698605,
    "cv_mape_std": 0.0507093071203893,
    "cv_r2_mean": 0.9992259126994865,
    "cv_r2_std": 0.0005561444596492316,
    "timestamp": "20250330_202431"
}