{
    "mae": 1548.7064712739068,
    "rmse": 2002.599995130455,
    "mape": 2.771578537082415,
    "r2": 0.9223271723376938,
    "max_error": 5878.565765496249,
    "median_ae": 1227.5125775434135,
    "cv_mae_mean": 2517.0546304000923,
    "cv_mae_std": 603.2698951978257,
    "cv_rmse_mean": 3588.043854542798,
    "cv_rmse_std": 757.4809200984835,
    "cv_mape_mean": 4.800633442519134,
    "cv_mape_std": 0.9471303015944968,
    "cv_r2_mean": 0.8337511085327673,
    "cv_r2_std": 0.05584152734294391,
    "timestamp": "20250330_214308"
}