{
    "mae": 556.9584900958404,
    "rmse": 742.9968008462748,
    "mape": 0.995616876436421,
    "r2": 0.9893081075408617,
    "max_error": 3553.700141829446,
    "median_ae": 433.2617413462831,
    "peak_mae": 667.3667734678348,
    "trough_mae": 315.31465110587743,
    "prediction_interval_coverage": 77.38095238095238,
    "peak_coverage": 79.41176470588235,
    "trough_coverage": 77.77777777777779,
    "timestamp": "20250330_230722"
}