{
    "mae": 1592.63862356931,
    "rmse": 2063.823336503328,
    "mape": 2.845407387082172,
    "r2": 0.9175053599194932,
    "max_error": 6312.803584878078,
    "median_ae": 1290.0742850912538,
    "cv_mae_mean": 2519.5103758654254,
    "cv_mae_std": 598.4662721581174,
    "cv_rmse_mean": 3593.218653354823,
    "cv_rmse_std": 751.766716416606,
    "cv_mape_mean": 4.807181282860992,
    "cv_mape_std": 0.939518576665639,
    "cv_r2_mean": 0.8333870225717819,
    "cv_r2_std": 0.05544747764411566,
    "timestamp": "20250330_224007"
}