{
    "mae": 264.1632641708532,
    "rmse": 364.2932016161088,
    "mape": 0.47299850414901445,
    "r2": 0.99742970585189,
    "max_error": 2052.439197176798,
    "median_ae": 202.86546784742677,
    "cv_mae_mean": 215.73627476600615,
    "cv_mae_std": 12.133901953499892,
    "cv_rmse_mean": 290.8467372394848,
    "cv_rmse_std": 20.526907691872577,
    "cv_mape_mean": 0.40631507976330106,
    "cv_mape_std": 0.01968101973325314,
    "cv_r2_mean": 0.9989217095001941,
    "cv_r2_std": 0.00015729041612600915,
    "timestamp": "20250330_195949"
}