{
    "mae": 1594.2847575332194,
    "rmse": 2058.2784050652062,
    "mape": 2.8473077455326923,
    "r2": 0.9179480457096045,
    "max_error": 6122.502346518224,
    "median_ae": 1271.672158300462,
    "cv_mae_mean": 2517.0419830743394,
    "cv_mae_std": 603.1752708360167,
    "cv_rmse_mean": 3589.1374187270644,
    "cv_rmse_std": 757.1674465001457,
    "cv_mape_mean": 4.800333861021432,
    "cv_mape_std": 0.9490519484918242,
    "cv_r2_mean": 0.833648246802495,
    "cv_r2_std": 0.05594098833488485,
    "timestamp": "20250330_225317"
}