{
    "mae": 263.32727315963535,
    "rmse": 362.8672770828724,
    "mape": 0.4717808316921854,
    "r2": 0.9974497878768415,
    "max_error": 2077.574153081354,
    "median_ae": 198.4346396812216,
    "cv_mae_mean": 202.25341106841552,
    "cv_mae_std": 8.928357612372677,
    "cv_rmse_mean": 274.95112691451453,
    "cv_rmse_std": 18.238124547947173,
    "cv_mape_mean": 0.38308282729999965,
    "cv_mape_std": 0.017684393822300127,
    "cv_r2_mean": 0.9990364702350432,
    "cv_r2_std": 0.000139119633281412,
    "timestamp": "20250330_200634"
}